0.05
0.09
0.12
0.13
0.15
0.18
0.29
0.32
0.35
0.36
0.39
0.41
0.14
0.17
0.2
0.23
0.25
0.27
0.36
0.36
0.37
0.38
0.38
0.4
0.16
0.17
0.18
0.28
0.3
0.32
0.32
0.32
0.34
0.36
0.36
0.4
0.16
0.18
0.19
0.2
0.24
0.29
0.3
0.33
0.33
0.36
0.38
0.43
0.05
0.08
0.1
0.11
0.12
0.14
0.3
0.32
0.33
0.34
0.35
0.37
0.15
0.15
0.17
0.19
0.22
0.29
0.31
0.34
0.37
0.38
0.395
0.41
0.16
0.19
0.2
0.22
0.22
0.24
0.35
0.36
0.37
0.37
0.38
0.39
0.22
0.23
0.25
0.25
0.27
0.28
0.35
0.36
0.37
0.375
0.38
0.4
0.21
0.22
0.24
0.36
0.39
0.42
0.4
0.42
0.43
0.45
0.46
0.48
0.15
0.17
0.2
0.22
0.23
0.29
0.46
0.47
0.48
0.48
0.5
0.5
0.15
0.22
0.24
0.27
0.29
0.3
0.49
0.51
0.52
0.53
0.55
0.58
0.24
0.25
0.26
0.27
0.27
0.3
0.43
0.45
0.46
0.48
0.52
0.58
0.17
0.2
0.23
0.23
0.25
0.27
0.35
0.36
0.37
0.375
0.38
0.4
0.19
0.23
0.24
0.25
0.27
0.29
0.35
0.36
0.37
0.38
0.38
0.41
0.15
0.17
0.2
0.22
0.23
0.29
0.33
0.35
0.37
0.41
0.42
0.43
0.15
0.16
0.21
0.22
0.26
0.29
0.37
0.4
0.4
0.43
0.43
0.46